Date,Open,High,Low,Close,Volume
2010-01-04,10.17,10.28,10.05,10.28,60855796
2010-01-05,10.45,11.24,10.40,10.96,215620138
2010-01-06,11.21,11.46,11.13,11.37,200070554
2010-01-07,11.46,11.69,11.32,11.66,130201626
2010-01-08,11.67,11.74,11.46,11.69,130462912
2010-01-11,11.90,12.14,11.78,12.11,170626174
2010-01-12,11.98,12.03,11.72,11.87,162995898
2010-01-13,11.91,11.93,11.47,11.68,154527028
2010-01-14,11.65,11.86,11.51,11.76,116572673
2010-01-15,11.74,11.76,11.55,11.6,96174717
2010-01-19,11.51,11.83,11.46,11.75,65933944
2010-01-20,11.68,11.69,11.50,11.51,71649459
2010-01-21,11.53,11.62,11.01,11.18,121451396
2010-01-22,11.01,11.12,10.41,10.52,161530010
2010-01-25,10.73,11.10,10.61,11.03,121621423
2010-01-26,11.17,11.46,11.07,11.19,108250462
2010-01-27,11.57,11.62,11.22,11.55,105091531
2010-01-28,11.90,11.95,11.27,11.41,203466724
2010-01-29,11.60,11.61,10.70,10.84,159741164
2010-02-01,11.14,11.18,10.93,11.12,82748130
2010-02-02,11.26,11.52,11.19,11.39,119785377
2010-02-03,11.49,11.66,11.42,11.64,90125495
2010-02-04,11.49,11.53,11.00,11.06,129792142
2010-02-05,10.97,11.11,10.49,10.91,181535182
2010-02-08,11.09,11.32,10.88,10.97,92031327
2010-02-09,11.18,11.22,11.02,11.15,83207091
2010-02-10,11.12,11.14,10.90,10.94,73395561
2010-02-11,11.00,11.18,10.88,11.18,65116156
2010-02-12,10.92,11.18,10.85,11.12,69465400
2010-02-16,11.21,11.38,11.11,11.32,62537480
2010-02-17,11.43,11.52,11.35,11.49,65983124
2010-02-18,11.41,11.48,11.29,11.38,53406735
2010-02-19,11.35,11.40,11.26,11.29,46989996
2010-02-22,11.36,11.38,11.18,11.21,41993070
2010-02-23,11.18,11.63,11.15,11.6,114688393
2010-02-24,11.72,11.88,11.65,11.73,84200733
2010-02-25,11.53,11.83,11.40,11.78,83114433
2010-02-26,11.83,11.85,11.61,11.74,72368345
2010-03-01,11.81,12.42,11.75,12.41,142605445
2010-03-02,12.62,12.68,12.18,12.22,193706534
2010-03-03,12.46,12.83,12.35,12.69,157004555
2010-03-04,12.78,12.80,12.52,12.79,89836710
2010-03-05,12.92,13.04,12.83,13.0,106920602
2010-03-08,12.94,12.96,12.79,12.93,78903174
2010-03-09,12.83,13.03,12.73,12.8,83934217
2010-03-10,12.88,12.95,12.80,12.82,56850540
2010-03-11,12.79,12.97,12.75,12.91,59385985
2010-03-12,13.02,13.37,12.98,13.34,104770909
2010-03-15,13.46,13.63,13.32,13.4,95198188
2010-03-16,13.49,13.51,13.32,13.49,74692616
2010-03-17,13.55,14.15,13.55,14.1,137318668
2010-03-18,14.23,14.54,13.65,13.73,235094317
2010-03-19,13.91,13.92,13.04,13.29,252413612
2010-03-22,12.98,14.00,12.81,13.99,170576031
2010-03-23,14.17,14.30,13.81,13.9,167002341
2010-03-24,13.77,14.05,13.76,13.9,91820854
2010-03-25,14.05,14.12,13.76,13.8,88909207
2010-03-26,13.89,13.98,13.76,13.86,60400334
2010-03-29,13.70,13.88,13.39,13.57,158224973
2010-03-30,13.55,13.64,13.18,13.28,142055129
2010-03-31,12.82,12.95,12.42,12.57,433659040
2010-04-01,12.84,12.95,12.58,12.63,212952064
2010-04-05,12.89,12.92,12.76,12.77,88957147
2010-04-06,12.78,12.88,12.60,12.7,76423715
2010-04-07,12.69,12.82,12.53,12.58,88112383
2010-04-08,12.55,12.71,12.34,12.63,77491353
2010-04-09,12.73,12.84,12.61,12.72,60408583
2010-04-12,12.72,12.81,12.64,12.77,50783053
2010-04-13,12.75,12.89,12.71,12.79,71008470
2010-04-14,12.92,13.43,12.86,13.35,153602044
2010-04-15,13.42,13.88,13.41,13.76,159110456
2010-04-16,13.84,13.92,13.30,13.42,149644441
2010-04-19,13.38,13.75,13.36,13.6,95855052
2010-04-20,13.72,13.94,13.67,13.91,75630699
2010-04-21,14.02,14.15,13.92,14.13,120393065
2010-04-22,14.00,14.23,13.85,14.2,93331069
2010-04-23,14.22,14.39,14.11,14.21,92002193
2010-04-26,14.39,14.57,14.28,14.46,123029116
2010-04-27,14.44,14.50,13.15,13.57,292667383
2010-04-28,13.39,13.45,12.90,13.25,208023452
2010-04-29,13.45,13.70,13.38,13.58,110114356
2010-04-30,13.64,13.73,12.96,13.02,146322816
2010-05-03,13.18,13.49,13.18,13.3,106416777
2010-05-04,13.07,13.08,12.75,12.85,123207308
2010-05-05,12.32,12.70,11.59,12.34,198525532
2010-05-06,12.17,12.51,10.59,11.78,237086247
2010-05-07,11.95,11.97,10.95,11.51,261066492
2010-05-10,12.54,12.56,12.02,12.15,134388670
2010-05-11,11.99,12.56,11.85,12.31,125738941
2010-05-12,12.57,12.71,12.49,12.68,102656959
2010-05-13,12.87,12.87,12.32,12.42,100159960
2010-05-14,12.25,12.35,11.87,12.11,105855905
2010-05-17,12.08,12.18,11.49,11.95,108686652
2010-05-18,12.15,12.18,11.45,11.54,101318746
2010-05-19,11.30,11.66,11.11,11.55,132864329
2010-05-20,11.04,11.30,10.76,10.8,156449148
2010-05-21,10.25,11.30,10.17,11.26,174455038
2010-05-24,11.29,11.44,11.01,11.01,91090354
2010-05-25,10.47,11.05,10.42,11.02,137858602
2010-05-26,11.45,11.82,11.35,11.39,146871969
2010-05-27,11.85,12.00,11.66,11.99,90700767
2010-05-28,12.05,12.08,11.62,11.73,78823399
2010-06-01,11.50,11.88,11.38,11.41,80977225
2010-06-02,11.66,11.87,11.45,11.85,87265270
2010-06-03,12.01,12.15,11.81,11.96,79568677
2010-06-04,11.69,11.88,11.39,11.5,83480811
2010-06-07,11.45,11.50,11.06,11.09,76228961
2010-06-08,11.14,11.37,10.89,11.22,81494388
2010-06-09,11.36,11.40,11.00,11.05,74947546
2010-06-10,11.21,11.40,11.10,11.39,64799501
2010-06-11,11.23,11.47,11.21,11.4,50280574
2010-06-14,11.48,11.72,11.40,11.46,58144434
2010-06-15,11.55,11.76,11.52,11.7,51790894
2010-06-16,11.65,11.77,11.50,11.63,61954013
2010-06-17,11.61,11.69,11.33,11.48,69430015
2010-06-18,11.56,11.62,11.40,11.46,55417627
2010-06-21,11.68,11.80,11.50,11.53,67814207
2010-06-22,11.54,11.60,11.18,11.22,73508927
2010-06-23,11.23,11.28,11.00,11.03,83134347
2010-06-24,10.99,11.03,10.64,10.78,74491022
2010-06-25,10.75,10.77,10.42,10.75,148168302
2010-06-28,10.72,10.76,10.43,10.43,58047664
2010-06-29,10.12,10.14,9.75,9.88,124866691
2010-06-30,10.10,10.52,10.04,10.08,182831251
2010-07-01,10.23,10.63,10.02,10.57,153382992
2010-07-02,10.58,10.63,10.15,10.28,71607036
2010-07-06,10.42,10.57,10.04,10.16,81246930
2010-07-07,10.21,10.63,10.17,10.59,72565217
2010-07-08,10.72,10.83,10.45,10.62,62355431
2010-07-09,10.58,10.94,10.54,10.85,50732694
2010-07-12,10.84,11.13,10.83,11.1,56354088
2010-07-13,11.47,11.81,11.26,11.66,103923173
2010-07-14,11.62,11.92,11.54,11.81,68051369
2010-07-15,11.86,11.90,11.51,11.86,66020324
2010-07-16,11.75,11.78,11.30,11.34,68905417
2010-07-19,11.44,11.57,11.23,11.48,49909940
2010-07-20,11.30,11.76,11.25,11.75,53134811
2010-07-21,11.82,11.88,11.43,11.55,67645077
2010-07-22,11.76,12.22,11.75,12.09,102031465
2010-07-23,12.55,12.75,12.35,12.72,161608161
2010-07-26,12.82,13.15,12.75,12.94,125629576
2010-07-27,13.16,13.18,12.85,13.03,97305386
2010-07-28,12.99,13.08,12.86,12.91,59746681
2010-07-29,13.03,13.11,12.72,12.97,88544652
2010-07-30,12.81,13.01,12.58,12.77,79539674
2010-08-02,13.06,13.20,12.94,13.16,77124699
2010-08-03,13.08,13.24,12.77,12.91,115202546
2010-08-04,13.00,13.21,12.95,13.11,60874915
2010-08-05,13.05,13.05,12.90,12.98,51574777
2010-08-06,12.83,13.05,12.80,13.04,54704554
2010-08-09,13.12,13.12,12.92,13.05,39071979
2010-08-10,12.94,13.03,12.80,12.92,50265042
2010-08-11,12.65,12.67,12.33,12.41,68132071
2010-08-12,12.03,12.39,11.90,12.27,68017892
2010-08-13,12.25,12.37,12.13,12.15,41635476
2010-08-16,11.96,12.15,11.88,11.99,59316046
2010-08-17,12.20,12.38,12.06,12.16,61043477
2010-08-18,12.17,12.29,11.80,12.2,54218032
2010-08-19,12.13,12.20,11.83,11.89,61058938
2010-08-20,11.85,11.90,11.60,11.77,50814381
2010-08-23,11.84,11.90,11.60,11.61,42449574
2010-08-24,11.28,11.49,11.09,11.24,86304094
2010-08-25,11.04,11.40,10.95,11.32,78587068
2010-08-26,11.40,11.56,11.14,11.17,56953578
2010-08-27,11.26,11.72,11.05,11.56,63568930
2010-08-30,11.58,11.68,11.35,11.35,33651452
2010-08-31,11.27,11.46,11.13,11.28,64987238
2010-09-01,11.53,11.89,11.46,11.61,81988740
2010-09-02,11.68,11.83,11.57,11.71,39943541
2010-09-03,11.88,12.14,11.84,12.07,65243857
2010-09-07,12.01,12.07,11.78,11.8,42497553
2010-09-08,11.81,11.95,11.70,11.8,40798682
2010-09-09,11.96,12.04,11.64,11.75,48528444
2010-09-10,11.81,11.98,11.75,11.79,37858737
2010-09-13,11.93,12.00,11.84,11.99,36689671
2010-09-14,11.96,12.05,11.89,11.98,39772203
2010-09-15,11.93,11.96,11.76,11.87,54102615
2010-09-16,12.12,12.53,12.10,12.44,141408427
2010-09-17,12.53,12.54,12.34,12.49,68954533
2010-09-20,12.55,12.60,12.38,12.57,49864507
2010-09-21,12.53,12.75,12.51,12.55,59130813
2010-09-22,12.43,12.54,12.29,12.38,53190343
2010-09-23,12.26,12.45,12.15,12.31,46873328
2010-09-24,12.42,12.57,12.38,12.56,42647786
2010-09-27,12.57,12.60,12.46,12.48,28805227
2010-09-28,12.48,12.53,12.27,12.52,42674616
2010-09-29,12.45,12.50,12.28,12.33,45211770
2010-09-30,12.44,12.46,12.20,12.24,42679587
2010-10-01,12.35,12.41,12.12,12.26,54565409
2010-10-04,12.57,12.92,12.53,12.84,95949136
2010-10-05,13.00,13.07,12.92,13.01,74701900
2010-10-06,13.06,13.45,13.04,13.24,92325959
2010-10-07,13.32,13.38,13.19,13.32,53526635
2010-10-08,13.30,13.72,13.28,13.66,71857622
2010-10-11,13.72,13.90,13.68,13.78,48002802
2010-10-12,13.71,13.85,13.51,13.78,50056386
2010-10-13,13.90,13.91,13.64,13.64,59061809
2010-10-14,13.88,14.01,13.78,13.91,78814036
2010-10-15,14.00,14.04,13.61,13.8,61337649
2010-10-18,13.75,13.90,13.64,13.88,34938390
2010-10-19,13.63,13.64,13.18,13.32,84613958
2010-10-20,13.45,13.73,13.35,13.64,60800122
2010-10-21,13.78,14.16,13.66,13.81,85364910
2010-10-22,13.86,14.01,13.83,13.95,38003004
2010-10-25,14.05,14.20,14.01,14.15,77370708
2010-10-26,13.97,14.47,13.76,14.36,214814344
2010-10-27,14.34,14.35,14.09,14.23,81025687
2010-10-28,14.29,14.32,14.06,14.22,51719343
2010-10-29,14.18,14.23,14.10,14.13,52281827
2010-11-01,14.32,14.37,14.16,14.23,56605930
2010-11-02,14.32,14.46,14.22,14.43,54691083
2010-11-03,14.48,15.20,14.44,15.18,185668472
2010-11-04,15.51,15.98,15.40,15.86,193231920
2010-11-05,15.98,16.26,15.81,16.21,141539803
2010-11-08,16.36,16.49,16.06,16.41,127385974
2010-11-09,16.53,16.58,15.88,16.07,133717281
2010-11-10,16.32,16.71,16.08,16.63,139738159
2010-11-11,16.54,16.66,16.20,16.61,94746122
2010-11-12,16.46,16.53,16.04,16.3,91657062
2010-11-15,16.81,17.41,16.68,17.0,233268384
2010-11-16,17.19,17.42,16.36,16.51,234693760
2010-11-17,16.76,16.90,16.52,16.68,127748531
2010-11-18,16.77,16.87,16.05,16.12,256937875
2010-11-19,16.02,16.38,15.83,16.28,130323560
2010-11-22,16.26,16.54,16.11,16.2,91288839
2010-11-23,16.01,16.16,15.62,15.7,96689061
2010-11-24,15.95,16.06,15.81,15.95,66919029
2010-11-26,15.81,16.18,15.75,16.1,31557182
2010-11-29,16.12,16.12,15.86,16.06,61577444
2010-11-30,15.92,15.99,15.83,15.94,71737337
2010-12-01,16.24,16.50,16.14,16.46,100724326
2010-12-02,16.72,16.86,16.63,16.78,82484417
2010-12-03,16.63,16.83,16.60,16.8,67399413
2010-12-06,16.66,16.78,16.52,16.65,57290297
2010-12-07,16.91,16.92,16.55,16.56,64104224
2010-12-08,16.66,16.73,16.35,16.69,106699902
2010-12-09,16.82,16.85,16.66,16.76,47280901
2010-12-10,16.68,16.77,16.65,16.73,38195991
2010-12-13,16.65,16.72,16.47,16.47,53899674
2010-12-14,16.50,16.58,16.39,16.42,43069921
2010-12-15,16.37,16.66,16.35,16.55,44901192
2010-12-16,16.52,16.77,16.44,16.77,49567513
2010-12-17,16.76,16.85,16.68,16.8,51948040
2010-12-20,16.85,16.90,16.63,16.85,41879929
2010-12-21,16.89,17.00,16.84,16.99,35603998
2010-12-22,17.00,17.03,16.85,16.99,31602612
2010-12-23,16.90,16.93,16.75,16.78,25767159
2010-12-27,16.72,16.87,16.60,16.87,27710072
2010-12-28,16.83,16.85,16.65,16.73,28413190
2010-12-29,16.67,16.80,16.65,16.74,25556654
2010-12-30,16.72,16.85,16.65,16.69,24055098
2010-12-31,16.65,16.83,16.61,16.79,22425965
2011-01-03,17.02,17.31,17.00,17.25,70794151
2011-01-04,17.39,17.66,16.96,17.38,106477140
2011-01-05,17.31,18.09,17.22,17.89,112377964
2011-01-06,18.03,18.29,17.95,18.22,96284315
2011-01-07,18.42,18.42,18.08,18.27,99029495
2011-01-10,18.42,18.49,18.16,18.31,65348361
2011-01-11,18.48,18.49,18.13,18.28,61312456
2011-01-12,18.36,18.75,18.29,18.71,66841388
2011-01-13,18.81,18.97,18.55,18.68,100531394
2011-01-14,18.61,18.75,18.58,18.65,50279320
2011-01-18,18.66,18.77,18.61,18.7,39737433
2011-01-19,18.71,18.72,17.77,17.9,89216412
2011-01-20,17.77,18.00,17.35,17.78,93501514
2011-01-21,17.99,18.11,17.87,17.95,48717631
2011-01-24,18.02,18.02,17.75,17.93,51698556
2011-01-25,17.86,18.02,17.66,17.89,47155738
2011-01-26,17.97,18.43,17.90,18.37,66834054
2011-01-27,18.52,18.88,18.33,18.79,67711652
2011-01-28,17.79,17.88,15.98,16.27,480879432
2011-01-31,16.56,16.64,15.45,15.95,275198179
2011-02-01,16.14,16.24,15.85,15.89,178894220
2011-02-02,15.91,15.98,15.31,15.4,187008426
2011-02-03,15.38,15.78,15.10,15.76,153131241
2011-02-04,15.91,15.95,15.64,15.72,79198641
2011-02-07,15.84,16.36,15.80,16.11,118132832
2011-02-08,16.17,16.26,16.02,16.24,59674450
2011-02-09,16.13,16.30,16.02,16.09,61896699
2011-02-10,15.99,16.11,15.90,15.95,65334899
2011-02-11,16.06,16.51,15.99,16.38,94736828
2011-02-14,16.38,16.39,16.02,16.09,69632700
2011-02-15,16.03,16.16,15.95,16.1,51612779
2011-02-16,16.16,16.18,16.00,16.05,59843528
2011-02-17,16.01,16.03,15.83,15.97,53727532
2011-02-18,15.95,15.99,15.70,15.77,68773960
2011-02-22,15.36,15.52,15.08,15.23,97449876
2011-02-23,15.02,15.04,14.49,14.86,159528736
2011-02-24,14.56,14.99,14.50,14.7,120283515
2011-02-25,14.94,15.11,14.85,15.07,78341802
2011-02-28,15.29,15.29,14.89,15.05,54120693
2011-03-01,15.10,15.12,14.60,14.66,74339127
2011-03-02,14.66,14.89,14.62,14.66,67126967
2011-03-03,14.90,14.95,14.66,14.76,66722161
2011-03-04,14.79,14.79,14.28,14.42,81624975
2011-03-07,14.34,14.42,13.98,14.01,105402075
2011-03-08,14.02,14.55,14.01,14.47,106709696
2011-03-09,14.59,14.60,14.25,14.29,68056849
2011-03-10,14.10,14.28,14.01,14.06,107253551
2011-03-11,13.90,14.46,13.87,14.36,72258870
2011-03-14,14.47,14.64,14.20,14.3,65186535
2011-03-15,13.80,14.80,13.75,14.67,108984897
2011-03-16,14.73,14.79,13.89,14.18,127903799
2011-03-17,14.56,14.58,14.18,14.26,78692268
2011-03-18,14.58,14.67,14.43,14.49,64591395
2011-03-21,14.70,14.72,14.48,14.59,46489639
2011-03-22,14.52,14.57,14.32,14.34,44832909
2011-03-23,14.26,14.45,14.02,14.31,64447276
2011-03-24,14.40,15.12,14.39,15.04,128208211
2011-03-25,15.20,15.20,14.90,15.01,58966447
2011-03-28,14.99,15.09,14.83,14.86,41290304
2011-03-29,14.83,14.94,14.73,14.84,33304615
2011-03-30,14.88,14.97,14.74,14.86,40931267
2011-03-31,14.82,14.95,14.71,14.91,41975807
2011-04-01,15.03,15.42,14.92,15.16,116309235
2011-04-04,15.39,15.74,15.39,15.55,99126393
2011-04-05,15.65,15.81,15.55,15.79,72461668
2011-04-06,15.91,15.98,15.61,15.73,62322453
2011-04-07,15.71,15.82,15.45,15.53,51336115
2011-04-08,15.65,15.68,15.16,15.33,51197794
2011-04-11,15.27,15.40,14.74,14.86,85631643
2011-04-12,14.59,15.00,14.50,14.91,82765424
2011-04-13,15.04,15.05,14.80,14.98,58745733
2011-04-14,14.74,14.85,14.61,14.81,62386526
2011-04-15,14.86,14.90,14.61,14.71,47501401
2011-04-18,14.51,14.74,14.48,14.62,49845385
2011-04-19,14.65,14.79,14.54,14.66,33587928
2011-04-20,14.95,15.20,14.84,15.09,71006212
2011-04-21,15.23,15.45,15.10,15.43,53198776
2011-04-25,15.51,15.59,15.35,15.54,54777113
2011-04-26,16.04,16.18,15.66,15.66,166852661
2011-04-27,15.85,15.87,15.42,15.58,84395991
2011-04-28,15.47,15.70,15.42,15.5,48148279
2011-04-29,15.49,15.68,15.40,15.47,40215803
2011-05-02,15.52,15.69,15.41,15.45,42187417
2011-05-03,15.42,15.56,15.26,15.38,68681528
2011-05-04,15.42,15.45,14.97,15.15,71777920
2011-05-05,14.97,15.30,14.88,15.08,62569512
2011-05-06,15.26,15.37,15.08,15.11,58410707
2011-05-09,15.12,15.20,15.02,15.08,33380688
2011-05-10,15.13,15.20,15.08,15.15,36654647
2011-05-11,15.11,15.35,15.06,15.15,55013859
2011-05-12,15.14,15.34,15.12,15.26,48857713
2011-05-13,15.22,15.30,15.03,15.08,43326601
2011-05-16,15.21,15.32,15.10,15.13,51708487
2011-05-17,15.06,15.18,14.82,14.97,65269787
2011-05-18,15.01,15.16,14.87,15.12,41282699
2011-05-19,15.10,15.17,15.01,15.12,38719619
2011-05-20,15.05,15.11,14.96,15.0,39287519
2011-05-23,14.70,14.93,14.65,14.8,49541838
2011-05-24,14.84,14.85,14.56,14.66,48890244
2011-05-25,14.54,14.66,14.35,14.58,93974517
2011-05-26,14.51,14.60,14.40,14.56,45970450
2011-05-27,14.55,14.64,14.46,14.6,35654133
2011-05-31,14.75,14.92,14.64,14.92,66438849
2011-06-01,14.78,14.90,14.20,14.23,91509302
2011-06-02,14.26,14.36,14.08,14.18,58588036
2011-06-03,13.88,14.22,13.81,14.01,57295847
2011-06-06,13.99,14.12,13.86,13.91,54183566
2011-06-07,14.17,14.19,13.94,13.95,73293864
2011-06-08,13.96,14.01,13.65,13.7,77161619
2011-06-09,13.74,13.87,13.58,13.8,55365380
2011-06-10,13.68,13.74,13.33,13.35,96683964
2011-06-13,13.14,13.26,12.78,13.14,110748300
2011-06-14,13.29,13.56,13.25,13.43,61363130
2011-06-15,13.30,13.36,13.05,13.15,88736541
2011-06-16,13.05,13.18,12.68,12.83,91842138
2011-06-17,12.94,12.95,12.68,12.77,81066976
2011-06-20,12.66,13.03,12.65,12.94,51392723
2011-06-21,13.08,13.53,13.04,13.32,72508028
2011-06-22,13.39,13.50,13.33,13.36,42589488
2011-06-23,13.12,13.50,13.06,13.47,59361890
2011-06-24,13.52,13.60,13.14,13.24,82743569
2011-06-27,13.35,13.55,13.08,13.46,50006278
2011-06-28,13.55,13.55,13.25,13.33,54017533
2011-06-29,13.41,13.51,13.32,13.42,54119696
2011-06-30,13.46,13.97,13.36,13.79,74123979
2011-07-01,13.92,14.13,13.73,14.02,66311147
2011-07-05,14.07,14.18,13.91,14.1,47019360
2011-07-06,14.13,14.13,13.89,13.96,46235125
2011-07-07,14.13,14.22,13.90,14.12,66182741
2011-07-08,13.86,13.90,13.61,13.88,68554677
2011-07-11,13.64,13.69,13.26,13.32,61376128
2011-07-12,13.13,13.38,13.12,13.12,57768853
2011-07-13,13.30,13.43,13.23,13.27,44328129
2011-07-14,13.33,13.40,13.04,13.09,45988916
2011-07-15,13.14,13.20,13.00,13.09,41225026
2011-07-18,13.02,13.06,12.63,12.9,66084747
2011-07-19,13.00,13.18,12.86,13.09,53892574
2011-07-20,13.19,13.19,12.92,13.08,33450613
2011-07-21,13.16,13.32,13.08,13.28,43706220
2011-07-22,13.29,13.34,13.15,13.31,26480521
2011-07-25,13.04,13.24,13.01,13.17,45334208
2011-07-26,13.30,13.44,12.85,12.94,109165793
2011-07-27,12.80,12.85,12.30,12.37,113808513
2011-07-28,12.40,12.65,12.30,12.32,69884577
2011-07-29,12.11,12.42,12.00,12.21,68621558
2011-08-01,12.75,12.81,12.21,12.35,73793512
2011-08-02,12.28,12.35,11.82,11.85,97171075
2011-08-03,11.92,11.92,11.36,11.65,127291409
2011-08-04,11.49,11.51,10.77,10.86,153368729
2011-08-05,11.05,11.23,10.32,10.84,139254160
2011-08-08,10.02,10.90,9.87,9.93,80275677
2011-08-09,10.50,10.95,10.13,10.91,177330887
2011-08-10,10.82,10.87,10.32,10.41,119886418
2011-08-11,10.48,11.12,10.43,10.94,114926740
2011-08-12,11.29,11.31,11.00,11.06,79279260
2011-08-15,11.29,11.37,11.17,11.35,46295976
2011-08-16,11.23,11.45,11.05,11.22,53398182
2011-08-17,11.34,11.40,10.92,11.11,52261955
2011-08-18,10.67,10.70,10.22,10.38,87187860
2011-08-19,10.05,10.45,9.90,9.99,87207193
2011-08-22,10.39,10.39,9.81,10.01,73424426
2011-08-23,10.16,10.32,10.01,10.31,52107590
2011-08-24,10.31,10.46,10.13,10.45,53035499
2011-08-25,10.53,10.72,10.22,10.28,50165968
2011-08-26,10.18,10.53,10.06,10.4,59398645
2011-08-29,10.64,10.95,10.61,10.93,48857873
2011-08-30,10.87,10.96,10.64,10.87,50354267
2011-08-31,11.03,11.30,10.98,11.12,69283535
2011-09-01,11.14,11.27,10.81,10.85,64030914
2011-09-02,10.53,10.68,10.26,10.42,62020998
2011-09-06,10.02,10.27,10.00,10.22,65565561
2011-09-07,10.44,10.58,10.32,10.56,45052705
2011-09-08,10.49,10.64,10.27,10.34,45105413
2011-09-09,10.11,10.29,9.98,10.05,69911239
2011-09-12,9.86,10.14,9.85,10.11,58351992
2011-09-13,10.16,10.23,10.00,10.17,44205212
2011-09-14,10.25,10.50,10.04,10.32,70810171
2011-09-15,10.45,10.64,10.32,10.63,53843175
2011-09-16,10.62,10.69,10.35,10.62,46859485
2011-09-19,10.34,10.62,10.30,10.54,41663812
2011-09-20,10.61,10.65,10.41,10.42,37706895
2011-09-21,10.40,10.51,9.97,9.97,62309204
2011-09-22,9.79,10.14,9.43,9.62,115851051
2011-09-23,9.46,9.98,9.32,9.86,70702512
2011-09-26,9.96,10.09,9.70,10.08,54424782
2011-09-27,10.32,10.35,10.09,10.12,65062161
2011-09-28,10.18,10.22,9.90,9.93,43567629
2011-09-29,10.14,10.15,9.75,10.0,52634778
2011-09-30,9.89,10.01,9.65,9.67,56819921
2011-10-03,9.66,9.92,9.36,9.37,72828062
2011-10-04,9.22,10.13,9.05,10.08,103876086
2011-10-05,10.06,10.59,9.83,10.56,96318030
2011-10-06,10.61,11.00,10.56,10.99,86277475
2011-10-07,11.04,11.20,10.63,10.69,87812390
2011-10-10,10.93,11.23,10.90,11.21,57668189
2011-10-11,11.17,11.29,11.02,11.24,61331924
2011-10-12,11.40,11.80,11.38,11.38,82907451
2011-10-13,11.39,11.46,11.04,11.34,60021259
2011-10-14,11.58,11.67,11.34,11.56,54535671
2011-10-17,11.71,11.76,11.32,11.4,53715553
2011-10-18,11.41,11.93,11.27,11.78,66804196
2011-10-19,11.77,11.92,11.46,11.56,69510092
2011-10-20,11.66,11.75,11.47,11.7,62145692
2011-10-21,11.86,12.32,11.84,12.26,86635929
2011-10-24,12.31,12.65,12.30,12.51,68986825
2011-10-25,12.58,12.59,12.14,12.43,77049052
2011-10-26,12.09,12.20,11.54,11.87,159678574
2011-10-27,12.29,12.29,11.71,11.97,132558720
2011-10-28,11.97,12.07,11.86,12.0,60363193
2011-10-31,11.80,11.91,11.68,11.68,41740335
2011-11-01,11.33,11.39,11.03,11.08,108259896
2011-11-02,11.26,11.28,11.04,11.15,52811744
2011-11-03,11.29,11.39,11.02,11.32,57802143
2011-11-04,11.28,11.39,11.12,11.27,43133079
2011-11-07,11.20,11.30,11.06,11.22,39924288
2011-11-08,11.27,11.68,11.18,11.61,60893327
2011-11-09,11.20,11.38,10.98,11.04,72025962
2011-11-10,11.17,11.19,10.90,10.99,50555142
2011-11-11,11.15,11.18,11.05,11.14,32872316
2011-11-14,11.12,11.16,10.98,11.02,30530087
2011-11-15,10.93,11.00,10.82,10.87,43972803
2011-11-16,10.80,10.82,10.50,10.56,49001246
2011-11-17,10.54,10.56,10.07,10.17,69670657
2011-11-18,10.28,10.30,10.07,10.1,44421981
2011-11-21,9.99,10.12,9.80,10.05,60890045
2011-11-22,10.02,10.15,9.90,10.09,43750609
2011-11-23,9.97,10.04,9.83,9.83,44979279
2011-11-25,9.81,9.95,9.75,9.75,20118455
2011-11-28,10.15,10.19,9.90,10.0,57953210
2011-11-29,10.03,10.13,9.92,9.99,40449900
2011-11-30,10.33,10.60,10.17,10.6,66922269
2011-12-01,10.51,10.81,10.41,10.59,61396936
2011-12-02,10.79,11.10,10.75,10.9,67252566
2011-12-05,11.16,11.42,11.02,11.11,65924650
2011-12-06,11.10,11.19,11.00,11.05,39786084
2011-12-07,11.00,11.15,10.88,11.08,45168739
2011-12-08,10.96,11.11,9.84,10.75,82552211
2011-12-09,10.94,11.11,10.87,11.03,48326563
2011-12-12,10.87,10.89,10.68,10.85,40785391
2011-12-13,10.92,11.04,10.36,10.48,67905531
2011-12-14,10.33,10.41,10.10,10.15,53224204
2011-12-15,10.31,10.42,10.19,10.25,46640203
2011-12-16,10.32,10.40,10.16,10.25,45999138
2011-12-19,10.25,10.39,9.99,10.02,45068191
2011-12-20,10.21,10.38,10.18,10.33,45235037
2011-12-21,10.38,10.74,10.33,10.66,56203034
2011-12-22,10.78,10.98,10.66,10.94,43983068
2011-12-23,10.99,11.00,10.79,10.95,26952969
2011-12-27,10.87,10.98,10.76,10.81,25444771
2011-12-28,10.82,10.84,10.43,10.52,33450929
2011-12-29,10.56,10.75,10.50,10.68,34317002
2011-12-30,10.64,10.79,10.60,10.76,26815770
2012-01-03,11.00,11.25,10.99,11.13,45709811
2012-01-04,11.15,11.53,11.07,11.3,79725188
2012-01-05,11.33,11.63,11.24,11.59,67877467
2012-01-06,11.74,11.80,11.52,11.71,59840605
2012-01-09,11.83,11.95,11.70,11.8,53981467
2012-01-10,12.00,12.05,11.63,11.8,121750545
2012-01-11,11.74,12.18,11.65,12.07,63806007
2012-01-12,12.16,12.18,11.89,12.14,48687666
2012-01-13,12.01,12.08,11.84,12.04,46388677
2012-01-17,12.20,12.26,11.96,12.02,44398472
2012-01-18,12.03,12.37,12.00,12.34,47102604
2012-01-19,12.48,12.72,12.43,12.61,70894167
2012-01-20,12.55,12.64,12.45,12.59,43705665
2012-01-23,12.69,12.84,12.55,12.66,49388566
2012-01-24,12.56,12.86,12.46,12.82,45768308
2012-01-25,12.80,12.98,12.70,12.93,54021553
2012-01-26,13.03,13.05,12.66,12.79,75470624
2012-01-27,11.96,12.53,11.79,12.21,142155259
2012-01-30,12.06,12.44,12.00,12.29,57752526
2012-01-31,12.47,12.51,12.20,12.42,46425332
2012-02-01,12.73,12.75,12.29,12.33,71668979
2012-02-02,12.40,12.43,12.20,12.26,48347559
2012-02-03,12.47,12.84,12.39,12.79,78851121
2012-02-06,12.85,13.00,12.71,12.96,46363233
2012-02-07,12.93,12.97,12.83,12.88,39413408
2012-02-08,12.91,12.96,12.80,12.84,35352410
2012-02-09,12.89,12.90,12.67,12.69,52290479
2012-02-10,12.52,12.66,12.37,12.44,52507996
2012-02-13,12.74,12.74,12.51,12.54,34474395
2012-02-14,12.46,12.58,12.34,12.48,39641904
2012-02-15,12.47,12.57,12.33,12.38,38174730
2012-02-16,12.38,12.77,12.38,12.74,49166921
2012-02-17,12.84,12.88,12.71,12.75,30777978
2012-02-21,12.74,12.76,12.46,12.53,38436319
2012-02-22,12.49,12.51,12.22,12.28,43325932
2012-02-23,12.27,12.44,12.16,12.4,36747504
2012-02-24,12.43,12.46,12.19,12.23,31399272
2012-02-27,12.11,12.36,11.99,12.3,38703322
2012-02-28,12.34,12.35,12.20,12.25,30789403
2012-02-29,12.28,12.55,12.25,12.38,62093651
2012-03-01,12.48,12.77,12.45,12.66,68263200
2012-03-02,12.74,12.94,12.68,12.72,49064351
2012-03-05,12.67,12.68,12.41,12.46,28438485
2012-03-06,12.23,12.25,12.00,12.09,57374495
2012-03-07,12.21,12.30,12.15,12.24,28440851
2012-03-08,12.41,12.55,12.32,12.46,37130354
2012-03-09,12.53,12.73,12.48,12.58,36162779
2012-03-12,12.57,12.59,12.37,12.43,30275688
2012-03-13,12.48,12.72,12.40,12.7,42783564
2012-03-14,12.64,12.90,12.63,12.88,47578407
2012-03-15,12.90,13.04,12.83,12.9,55316864
2012-03-16,12.86,12.90,12.51,12.51,77123724
2012-03-19,12.52,12.68,12.48,12.63,52445624
2012-03-20,12.48,12.61,12.39,12.54,40217366
2012-03-21,12.59,12.67,12.54,12.57,27528439
2012-03-22,12.48,12.54,12.24,12.32,50125146
2012-03-23,12.31,12.37,12.18,12.32,44759245
2012-03-26,12.45,12.50,12.39,12.48,26756784
2012-03-27,12.51,12.61,12.30,12.32,35070612
2012-03-28,12.35,12.36,12.18,12.32,41051696
2012-03-29,12.33,12.52,12.24,12.5,51039792
2012-03-30,12.55,12.58,12.40,12.48,36391766
2012-04-02,12.50,12.65,12.44,12.62,43966846
2012-04-03,12.71,12.95,12.46,12.64,97034507
2012-04-04,12.46,12.52,12.32,12.5,51507181
2012-04-05,12.38,12.58,12.38,12.47,37939405
2012-04-09,12.26,12.29,12.11,12.22,42515285
2012-04-10,12.19,12.28,11.65,11.79,77373157
2012-04-11,11.99,12.02,11.88,11.91,34757940
2012-04-12,11.94,12.13,11.86,12.07,26988802
2012-04-13,11.98,12.03,11.84,11.92,39707255
2012-04-16,12.01,12.05,11.83,11.88,31903489
2012-04-17,11.98,12.00,11.88,11.91,35994575
2012-04-18,11.81,11.85,11.72,11.79,32328832
2012-04-19,11.81,11.88,11.58,11.66,48172028
2012-04-20,11.71,11.72,11.39,11.41,52630916
2012-04-23,11.15,11.40,11.15,11.35,31311920
2012-04-24,11.61,11.61,11.36,11.39,38656280
2012-04-25,11.51,11.75,11.43,11.73,45185958
2012-04-26,11.71,11.93,11.67,11.87,40894070
2012-04-27,12.03,12.04,11.52,11.6,76455981
2012-04-30,11.42,11.57,11.15,11.28,46156263
2012-05-01,11.25,11.34,11.11,11.23,44020268
2012-05-02,11.16,11.17,11.00,11.1,48572883
2012-05-03,11.13,11.15,10.85,10.92,40243341
2012-05-04,10.84,10.87,10.63,10.67,53268320
2012-05-07,10.53,10.79,10.52,10.66,33246708
2012-05-08,10.60,10.64,10.40,10.61,46195523
2012-05-09,10.48,10.81,10.41,10.69,54512461
2012-05-10,10.83,10.86,10.66,10.71,42526056
2012-05-11,10.61,10.83,10.56,10.58,36568171
2012-05-14,10.41,10.52,10.30,10.32,50225126
2012-05-15,10.34,10.34,10.10,10.15,41923652
2012-05-16,10.23,10.43,10.15,10.16,44321448
2012-05-17,10.16,10.25,10.01,10.01,49660696
2012-05-18,10.08,10.18,9.96,10.01,50571952
2012-05-21,10.02,10.23,10.00,10.2,38137132
2012-05-22,10.25,10.40,10.15,10.19,44295612
2012-05-23,10.32,10.45,10.22,10.41,75648861
2012-05-24,10.50,10.62,10.38,10.59,45334026
2012-05-25,10.61,10.68,10.51,10.6,30441198
2012-05-29,10.69,10.88,10.68,10.84,43785520
2012-05-30,10.73,10.75,10.52,10.66,44601645
2012-05-31,10.62,10.68,10.40,10.56,54328730
2012-06-01,10.33,10.46,10.06,10.12,68237494
2012-06-04,10.15,10.18,9.91,10.04,57311499
2012-06-05,10.01,10.24,9.97,10.19,38326250
2012-06-06,10.29,10.58,10.27,10.57,50461111
2012-06-07,10.73,10.78,10.52,10.55,33846133
2012-06-08,10.48,10.68,10.38,10.66,30816637
2012-06-11,10.77,10.80,10.45,10.45,35811381
2012-06-12,10.47,10.55,10.31,10.5,35145470
2012-06-13,10.39,10.48,10.22,10.3,41384185
2012-06-14,10.27,10.45,10.21,10.41,37539824
2012-06-15,10.40,10.42,10.26,10.35,39461393
2012-06-18,10.35,10.40,10.26,10.34,27379767
2012-06-19,10.37,10.64,10.35,10.56,37162157
2012-06-20,10.58,10.74,10.52,10.65,40811691
2012-06-21,10.65,10.68,10.25,10.27,40062708
2012-06-22,10.35,10.40,10.18,10.19,56547095
2012-06-25,10.13,10.18,9.95,10.01,44299189
2012-06-26,10.06,10.08,9.96,10.01,31895220
2012-06-27,10.05,10.10,9.97,10.02,33283364
2012-06-28,9.93,10.09,9.93,10.09,38649023
2012-06-29,9.95,9.98,9.46,9.59,138158551
2012-07-02,9.50,9.60,9.30,9.39,63406824
2012-07-03,9.53,9.79,9.49,9.6,49629310
2012-07-05,9.67,9.74,9.53,9.57,31783831
2012-07-06,9.47,9.52,9.40,9.5,30362984
2012-07-09,9.46,9.47,9.31,9.45,37441545
2012-07-10,9.50,9.55,9.28,9.35,33523039
2012-07-11,9.33,9.38,9.26,9.33,32034530
2012-07-12,9.26,9.28,9.12,9.13,55110953
2012-07-13,9.16,9.32,9.14,9.27,30249564
2012-07-16,9.22,9.32,9.15,9.26,28840549
2012-07-17,9.28,9.35,9.12,9.34,29516932
2012-07-18,9.38,9.52,9.34,9.38,31009999
2012-07-19,9.45,9.50,9.33,9.35,33614947
2012-07-20,9.28,9.35,9.18,9.21,27973115
2012-07-23,9.08,9.20,9.05,9.17,33779842
2012-07-24,9.17,9.24,8.95,9.06,53519167
2012-07-25,9.17,9.20,8.91,8.97,44341631
2012-07-26,9.05,9.11,8.83,8.96,51818632
2012-07-27,8.99,9.10,8.88,9.0,67989295
2012-07-30,9.04,9.18,9.01,9.1,40966926
2012-07-31,9.13,9.28,9.12,9.24,41384782
2012-08-01,-,-,-,9.24,0
2012-08-02,8.99,9.03,8.82,8.92,45326500
2012-08-03,9.02,9.15,8.96,9.09,38635840
2012-08-06,9.13,9.21,9.09,9.15,23819990
2012-08-07,9.18,9.39,9.18,9.31,43581124
2012-08-08,9.25,9.38,9.24,9.35,22637631
2012-08-09,9.31,9.46,9.30,9.34,30911270
2012-08-10,9.30,9.36,9.23,9.35,19620099
2012-08-13,9.35,9.42,9.25,9.4,21129483
2012-08-14,9.45,9.66,9.42,9.44,47635316
2012-08-15,9.44,9.54,9.41,9.49,21308243
2012-08-16,9.50,9.67,9.49,9.59,34329274
2012-08-17,9.66,9.78,9.60,9.63,34533815
2012-08-20,9.58,9.64,9.51,9.63,38923772
2012-08-21,9.65,9.70,9.52,9.53,26296175
2012-08-22,9.50,9.56,9.40,9.49,26969915
2012-08-23,9.45,9.54,9.42,9.45,23537661
2012-08-24,9.42,9.52,9.41,9.49,19578823
2012-08-27,9.51,9.52,9.38,9.39,22755278
2012-08-28,9.37,9.44,9.31,9.34,23084461
2012-08-29,9.33,9.40,9.29,9.32,26119553
2012-08-30,9.30,9.34,9.25,9.31,16466623
2012-08-31,9.39,9.43,9.31,9.34,28029580
2012-09-04,9.42,9.47,9.35,9.41,37964956
2012-09-05,9.45,9.62,9.39,9.57,40616164
2012-09-06,9.66,9.96,9.66,9.92,68002262
2012-09-07,9.95,10.23,9.93,10.14,60622137
2012-09-10,10.08,10.28,10.06,10.11,43381269
2012-09-11,10.18,10.25,10.13,10.15,28165249
2012-09-12,10.25,10.30,10.17,10.21,28046501
2012-09-13,10.20,10.38,10.12,10.34,50923252
2012-09-14,10.41,10.57,10.39,10.53,55946745
2012-09-17,10.27,10.42,10.26,10.39,31929468
2012-09-18,10.30,10.45,10.28,10.42,34945184
2012-09-19,10.49,10.66,10.45,10.59,42408207
2012-09-20,10.48,10.52,10.35,10.44,28756899
2012-09-21,10.53,10.54,10.36,10.4,35467037
2012-09-24,10.30,10.40,10.26,10.32,28558250
2012-09-25,10.35,10.37,10.06,10.09,36868848
2012-09-26,9.98,10.12,9.86,10.01,44365526
2012-09-27,10.13,10.18,10.02,10.02,25740901
2012-09-28,9.99,10.00,9.81,9.86,44594154
2012-10-01,9.89,10.08,9.88,9.93,33446686
2012-10-02,10.01,10.05,9.71,9.79,63638421
2012-10-03,9.82,10.02,9.76,9.94,51024134
2012-10-04,10.06,10.15,9.96,10.11,46858290
2012-10-05,10.17,10.28,10.13,10.16,40696229
2012-10-08,10.06,10.12,9.99,10.05,25476621
2012-10-09,10.21,10.25,10.02,10.1,38244868
2012-10-10,10.12,10.12,9.95,9.98,33959223
2012-10-11,10.06,10.26,10.05,10.14,39328678
2012-10-12,10.14,10.25,10.09,10.12,24113287
2012-10-15,10.11,10.25,10.09,10.22,26466464
2012-10-16,10.26,10.32,10.22,10.3,32788360
2012-10-17,10.31,10.41,10.26,10.41,29346232
2012-10-18,10.36,10.57,10.33,10.43,44044130
2012-10-19,10.42,10.43,10.13,10.18,40496019
2012-10-22,10.14,10.24,10.03,10.17,39149657
2012-10-23,10.02,10.11,9.97,10.0,32484180
2012-10-24,10.08,10.29,10.01,10.17,49341441
2012-10-25,10.42,10.49,10.28,10.39,59298137
2012-10-26,10.35,10.42,10.22,10.36,43489899
2012-10-31,10.70,11.17,10.60,11.16,137970789
2012-11-01,11.19,11.30,10.88,11.25,88770053
2012-11-02,11.31,11.38,11.15,11.17,53408605
2012-11-05,11.15,11.35,11.13,11.25,38004091
2012-11-06,11.33,11.59,11.26,11.42,51232169
2012-11-07,11.25,11.34,11.04,11.06,56679828
2012-11-08,11.07,11.23,10.89,10.9,45949474
2012-11-09,10.76,11.10,10.71,10.93,40705668
2012-11-12,11.03,11.16,10.96,10.97,25723034
2012-11-13,10.89,11.10,10.86,11.0,33348310
2012-11-14,11.02,11.05,10.62,10.67,45664660
2012-11-15,10.57,10.80,10.46,10.57,48895302
2012-11-16,10.58,10.64,10.38,10.5,45346501
2012-11-19,10.65,10.90,10.65,10.83,39359184
2012-11-20,10.85,11.02,10.76,10.85,34745028
2012-11-21,10.84,11.00,10.80,10.92,21184553
2012-11-23,10.98,11.10,10.96,11.1,16032160
2012-11-26,11.05,11.14,10.97,11.1,26831692
2012-11-27,11.10,11.27,11.10,11.1,37615831
2012-11-28,11.05,11.26,10.98,11.25,38496829
2012-11-29,11.32,11.53,11.32,11.53,57289231
2012-11-30,11.52,11.60,11.33,11.45,41336004
2012-12-03,11.56,11.70,11.40,11.41,47748982
2012-12-04,11.40,11.44,11.23,11.31,37766966
2012-12-05,11.32,11.40,11.18,11.31,33156540
2012-12-06,11.26,11.31,11.19,11.24,31068892
2012-12-07,11.27,11.50,11.26,11.48,38411368
2012-12-10,11.41,11.53,11.41,11.47,26028557
2012-12-11,11.51,11.58,11.40,11.49,36329407
2012-12-12,11.52,11.56,11.43,11.47,31104469
2012-12-13,11.46,11.50,11.21,11.27,35445838
2012-12-14,11.27,11.27,11.03,11.1,36936323
2012-12-17,11.16,11.41,11.14,11.39,46998706
2012-12-18,11.48,11.68,11.40,11.67,61814946
2012-12-19,11.79,11.85,11.62,11.73,54886619
2012-12-20,11.74,11.80,11.58,11.77,47756287
2012-12-21,11.55,11.86,11.47,11.86,94519480
2012-12-24,11.67,12.40,11.67,12.4,91734838
2012-12-26,12.31,12.79,12.31,12.79,140331857
2012-12-27,12.79,12.81,12.36,12.76,108315027
2012-12-28,12.54,12.88,12.52,12.87,95668559
2012-12-31,12.88,13.08,12.76,12.95,106936306
2013-01-02,13.23,13.28,13.00,13.2,75274979
2013-01-03,13.24,13.70,13.05,13.46,121284681
2013-01-04,13.51,13.61,13.35,13.57,54674987
2013-01-07,13.52,13.58,13.35,13.43,43482370
2013-01-08,13.38,13.43,13.20,13.35,46336615
2013-01-09,13.40,13.60,13.39,13.47,36980742
2013-01-10,13.78,13.94,13.68,13.83,84885422
2013-01-11,14.00,14.07,13.90,14.0,67646787
2013-01-14,14.04,14.08,13.86,13.99,46224784
2013-01-15,13.91,14.30,13.89,14.3,55424950
2013-01-16,14.16,14.25,14.01,14.22,51453381
2013-01-17,14.27,14.30,14.07,14.22,44299777
2013-01-18,14.10,14.13,13.97,14.11,45726597
2013-01-22,14.06,14.19,14.00,14.17,35475103
2013-01-23,14.00,14.02,13.79,13.88,58122134
2013-01-24,13.82,13.98,13.81,13.87,42536100
2013-01-25,13.83,13.84,13.64,13.68,53405308
